dateCreation|lieuTravail|romeCode|typeContrat|experienceExige|entreprise|salaire|dureeTravailLibelleConverti|alternance|qualificationCode|secteurActivite|code_appellation|INSEE_COM
2021-02-03T05:56:16.000Z|74169|M1607|CDI|D|In Extenso||Temps plein||||11183|74169|
2021-02-02T06:04:59.000Z|74169|M1607|CDI|D|||Temps plein|||69|11183|74169|
2021-02-17T14:44:51.000Z|74169|N1105|CDI|D||Horaire de 10,50 Euros à 11,50 Euros sur 12 mois|Temps plein||2|25|16361|74169|
2021-01-27T08:59:57.000Z|74169|D1401|MIS|E|ACTI' V  EMPLOI||Temps plein||3|78|12748|74169|
2021-03-15T10:41:37.000Z|74169|H2903|MIS|E|ACTI' V  EMPLOI|Horaire de 17 Euros à 25 Euros sur 12 mois|Temps plein||3|78|20372|74169|
2021-03-12T08:21:04.000Z|74169|M1202|CDI|E||Annuel de 40000,00 Euros ï¿½ 50000,00 Euros|Temps plein|||69|11407|74169|
2021-03-12T08:16:16.000Z|74169|M1202|CDI|E||Annuel de 35000,00 Euros ï¿½ 45000,00 Euros|Temps plein|||69||74169|
2021-03-12T04:52:42.000Z|74169|M1202|CDI|E|Hays|Annuel de 50000,00 Euros ï¿½ 50000,00 Euros|Temps plein||||11407|74169|
2021-03-11T07:15:16.000Z|74169|F1704|MIS|D|||Temps plein|||78|20309|74169|
2021-03-10T10:00:01.000Z|74169|F1202|MIS|E|JOB CONCEPT|Horaire de 12 Euros à 18 Euros sur 12 mois|Temps plein||4|78|12095|74169|
2021-03-10T01:38:58.000Z|74169|H3303|MIS|S|ADEQUAT INTERIM|Mensuel de 1555 Euros à 1650 Euros sur 12 mois|Temps plein||5|78||74169|
2021-03-10T09:08:17.000Z|74169|H2903|MIS|D|Randstad||Temps plein|||78|17270|74169|
2021-03-09T17:53:03.000Z|74169|H2906|MIS|E|ACTI' V  EMPLOI||Temps plein||5|78||74169|
2021-03-09T17:27:31.000Z|74169|H2903|MIS|E|74EMPLOI||Temps plein||4|78|13898|74169|
2021-03-09T15:59:24.000Z|74169|H1506|MIS|E|74EMPLOI||Temps plein||7|78||74169|
2021-02-26T15:01:29.000Z|74169|H1401|CDI|E|Adecco||Temps plein|||||74169|
2021-02-25T15:17:43.000Z|74169|H2903|CDD|E|LATHUILLE- HUDRY|Horaire de 10,25 Euros à 14,00 Euros sur 12 mois|Temps plein||3|25|17282|74169|
2021-02-25T13:47:33.000Z|74169|M1102|MIS|E|||Temps plein|||78|18564|74169|
2021-02-25T12:54:29.000Z|74169|N1303|MIS|D|Randstad||Temps plein|||78|20182|74169|
2021-02-24T15:04:02.000Z|74169|N1301|CDI|E|OPEN EMPLOI||Temps plein||6|78|18743|74169|
2021-02-23T10:12:01.000Z|74169|H2901|MIS|E|ACTI' V  EMPLOI||Temps plein||7|78||74169|
2021-02-23T10:09:56.000Z|74169|H3401|MIS|D|ACTI' V  EMPLOI|Horaire de 10,25 Euros à 10,50 Euros sur 12 mois|Temps plein||5|78|10538|74169|
2021-02-22T10:58:19.000Z|74169|H1401|CDI|E|SPO||Temps plein||9|25|19144|74169|
2021-02-20T17:03:12.000Z|74169|H1506|CDI|E|Adecco||Temps plein||||19698|74169|
2021-02-19T11:07:02.000Z|74169|H1502|CDI|E|Adecco||Temps plein||||19197|74169|
2021-02-18T17:00:25.000Z|74169|H1506|CDI|E|LATHUILLE- HUDRY|Horaire de 15,00 Euros à 25,00 Euros sur 12 mois|Temps plein||7|25||74169|
2021-02-18T16:42:05.000Z|74169|H2912|CDI|E|LATHUILLE- HUDRY|Horaire de 15,00 Euros à 25,00 Euros sur 12 mois|Temps plein||3|25|18481|74169|
2021-02-18T09:25:30.000Z|74169|H1502|CDI|E|SPO||Temps plein||9|25|19197|74169|
2021-02-02T14:00:12.000Z|74169|H2903|MIS|E|INTWEE EMPLOI|Horaire de 11,00 Euros à 12,00 Euros sur 12 mois|Temps plein||1|78|17282|74169|
2021-02-02T07:50:14.000Z|74169|H2903|CDI|E|Randstad||Temps plein||||13898|74169|
2021-01-29T14:23:36.000Z|74169|H2903|MIS|E|ACTI' V  EMPLOI|Horaire de 12,00 Euros à 14,00 Euros sur 12 mois|Temps plein||3|78|17282|74169|
2021-01-28T12:02:17.000Z|74169|H2903|MIS|E|ACTI' V  EMPLOI|Horaire de 11,00 Euros à 12,00 Euros sur 12 mois|Temps plein||3|78|17282|74169|
2021-01-19T10:37:49.000Z|74169|H2903|MIS|E|ACTI' V  EMPLOI||Temps plein||5|78|17282|74169|
2021-01-18T15:29:00.000Z|74169|K2111|CDD|E|UNIV FORMATIONS|Horaire de 19,00 Euros sur 12 mois|Temps partiel||6|85||74169|
2020-09-28T10:53:19.000Z|74169|M1203|CDI|E|||Temps plein|||69|11317|74169|
2021-03-15T16:57:51.000Z|74169|H2903|CDI|E|Adecco||Temps plein|||||74169|
2021-03-15T10:46:13.000Z|74169|H2903|MIS|E|ACTI' V  EMPLOI|Horaire de 16 Euros à 22 Euros sur 12 mois|Temps plein||6|78|15158|74169|
2021-03-12T04:53:19.000Z|74169|M1203|CDI|E|Hays|Annuel de 45000,00 Euros ï¿½ 45000,00 Euros|Temps plein||||12786|74169|
2021-03-10T16:14:23.000Z|74169|K2107|CDD|E|Anacours Haute-Savoie||Temps plein|||85|18173|74169|
2021-03-09T17:29:47.000Z|74169|M1805|CDI|E|IZIWORK|Mensuel de 2400,00 Euros à 2500,00 Euros sur 12 mois|Temps plein||8|78|14153|74169|
2021-03-09T17:19:22.000Z|74169|M1806|CDI|D|IZIWORK|Mensuel de 1900,00 Euros à 2700,00 Euros sur 12 mois|Temps plein||7|78|13546|74169|
2021-03-09T04:30:54.000Z|74169|C1504|LIB|D|||Temps plein||||13464|74169|
2021-02-23T11:54:16.000Z|74169|N1103|MIS|E|ACTI' V  EMPLOI||Temps plein||6|78|16277|74169|
2021-02-19T06:50:51.000Z|74169|M1203|CDI|E||Annuel de 27000,00 Euros ï¿½ 33000,00 Euros|Temps plein|||69|15368|74169|
2021-02-10T06:03:19.000Z|74169|M1203|CDI|D|Fed Finance||Temps plein||||15368|74169|
2021-01-29T14:27:05.000Z|74169|I1304|MIS|E|ACTI' V  EMPLOI||Temps plein||7|78|19870|74169|
2021-01-18T12:07:04.000Z|74169|H2903|MIS|E|74EMPLOI||Temps plein||4|78||74169|
2021-03-16T02:51:18.000Z|74169|J1506|MIS|D|ADECCO MEDICAL||Temps plein|||78|15545|74169|
2021-03-10T11:56:36.000Z|74169|F1703|CDI|E|JOB CONCEPT|Horaire de 12 Euros à 15 Euros sur 12 mois|Temps plein||3|78|16250|74169|
2021-02-23T10:14:05.000Z|74169|H2912|MIS|E|ACTI' V  EMPLOI||Temps plein||4|78|18470|74169|
2021-02-01T11:54:26.000Z|74169|F1703|MIS|E|ACTI' V  EMPLOI|Horaire de 12,00 Euros à 14,50 Euros sur 12 mois|Temps plein||3|78|16263|74169|
2021-01-29T03:54:27.000Z|74169|M1803|CDI|E|Amiltone|Annuel de 45000,00 Euros ï¿½ 52000,00 Euros|Temps plein|||71|12246|74169|
2021-01-18T14:15:14.000Z|74169|I1304|MIS|D|74EMPLOI||Temps plein||7|78||74169|
